# id	file_path	transparent_color_r	g	b
[TEXTURES]
0	resources\simon\simon.png	255	0	255
1	resources\ground\0.png	255	0	255
2	resources\simon\simondeath.png	255	0	255
20	resources\textures\misc.png	176	224	248
**


# id	left	top	right	bottom	texture_id
[SPRITES]
# ========================SIMON========================
# idle right
10001	436	202	468	262	0

# walk right
10002	260	201	285	262	0
10003	314	202	344	262	0
10004	378	200	402	262	0

# idle left
10011	12	4	44	63	0

#walk left
10012	196	3	220	63	0	
10013	136	4	164	63	0
10014	78	2	102	63	0

# jump left
10016	252	1	284	47	0

# jump right
10017	195	200	228	245	0

# attack left
10018	312	4	360	64	0
10019	373	4	405	64	0
10020	421	6	464	64	0

#attack right
10021	120	202	168	262	0
10022	75	202	107	262	0
10023	16	204	59	262	0

#sitting attack left
10024	432	67	480	113	0
10025	11	133	43	179	0
10026	61	135	105	179	0

#sitting attack right
10027	0	265	48	311	0
10028	437	331	469	377	0
10029	375	333	419	377	0
# die 
10099	0	36	64	66	2

#===============================================


#====================BRICK==========================
20001	408	225	424	241	20

#====================TORCH=========================
3000	0	0	32	64	1
3001	32	0	64	64	1





# ani_id	sprite1_id	time1	sprite2_id	time2	...
[ANIMATIONS]

# ==== SIMON =========
#idles right
0	10001	100
#idle left
1	10011	100
#walk right
2	10002	200	10003	200	10004	200
#walk left 
3	10012	200	10013	200	10014	200

#jump left
4	10016	0

#jump right
5	10017	0

#attack left
6	10018	100	10019	100	10020	100
#attack right
7	10021	100	10022	100	10023	100
#sitting left
8	10016	100
#sitting right
9	10017	100

#sitting attack left
10	10024	100	10025	100	10026	100
#sitting attack right
11	10027	100	10028	200	10029	100



#die
99	10099	100

#torch

300	3000	200	3001	200

# ==== BRICK ========= START: 6x
60	20001	100



#
# id	ani1	ani2	ani3
#
[ANIMATION_SETS]
# SIMON
1	0	1	2	3	4	5	6	7	8	9	10	11
# BRICK 
2	60
# TORCH
3	300


[OBJECTS]
# type	x	y	ani_set_id	extra_settings per object type
# type: 0 = SIMON , 1 = Brick, 
# SIMON
0	50	270	1

# GROUND 
# --- platform (hint: I created the list using Excel!) ----
1	0	32	2
1	0	48	2
1	0	64	2
1	0	80	2
1	0	96	2
1	0	112	2
1	0	128	2
1	0	144	2
1	0	160	2
1	0	176	2
1	0	192	2
1	0	208	2
1	0	224	2
1	0	240	2
1	0	256	2
1	0	272	2
1	0	288	2
1	0	304	2
1	0	320	2
1	0	336	2
1	0	352	2
1	16	337	2
1	32	337	2
1	48	337	2
1	64	337	2
1	80	337	2
1	96	337	2
1	112	337	2
1	128	337	2
1	144	337	2
1	160	337	2
1	176	337	2
1	192	337	2
1	208	337	2
1	224	337	2
1	240	337	2
1	256	337	2
1	272	337	2
1	288	337	2
1	304	337	2
1	320	337	2
1	336	337	2
1	352	337	2
1	368	337	2
1	384	337	2
1	400	337	2
1	416	337	2
1	432	337	2
1	448	337	2
1	464	337	2
1	480	337	2
1	496	337	2
1	512	337	2
1	528	337	2
1	544	337	2
1	560	337	2
1	576	337	2
1	592	337	2
1	608	337	2
1	624	337	2
1	640	337	2
1	656	337	2
1	672	337	2
1	688	337	2
1	704	337	2
1	720	337	2
1	736	337	2
1	752	337	2
1	768	337	2
1	784	337	2
1	800	337	2
1	816	337	2
1	832	337	2
1	848	337	2
1	864	337	2
1	880	337	2
1	896	337	2
1	912	337	2
1	928	337	2
1	944	337	2
1	960	337	2
1	976	337	2
1	992	337	2
1	1008	337	2
1	1024	337	2
1	1040	337	2
1	1056	337	2
1	1072	337	2
1	1088	337	2
1	1104	337	2
1	1120	337	2
1	1136	337	2
1	1152	337	2
1	1168	337	2
1	1184	337	2
1	1200	337	2
1	1216	337	2
1	1232	337	2
1	1248	337	2
1	1264	337	2
1	1280	337	2
1	1296	337	2
1	1312	337	2
1	1328	337	2
1	1344	337	2
1	1360	337	2
1	1376	337	2
1	1392	337	2
1	1408	337	2
1	1424	337	2
1	1440	337	2
1	1456	337	2
1	1472	337	2
1	1488	337	2
1	1504	337	2
1	1520	337	2
1	1536	337	2

#TORCH

2	170	276	3
2	450	276	3
2	700	276	3
2	950	276	3
2	1200	276	3


# --- SCENE PORTAL ----
# type	l	t	ani_set_id	r	b	scene_id
50	1000	98	0	380	150	2

[TILEMAP]
E:\CastleVania\CastleVania\Resources\sences\ninja_map_1.txt	E:\CastleVania\CastleVania\Resources\sences\ninja_map_1.png